· 111, 111 1111111111111111111111111111111111111, Nat.. 111111, 1111111111. l'· 1111, 12 11.

31. 1.·111111111111111 111 11111111, 11111, 1111111111111111111111111111 ρ11111111111111111,1111 trois 1111111111 11
1111 1111111111. 1111· 11. 1111111111, 1’· 1111111. 1111.
611. 11111111111111111111111111111 1111111111 111111 1111111. Ι11111. 1111111111. 1111 1111 111111. 1 11. ,111
11, 1111111111111. 1111111111 1111111111111111111111·1., 1 11111. 1211.
12. 1.“111111111111)11 1111 11111111, 111111, 111111111111111 111111111111111111111111111111, 1111· 111111 appendu-vs 111
1111 1111111111. 11111. 1111111111, 11· 1111111, · 11 11.
111 111 ,1111111111 111111111111111 111111. 111111 11111. 1111111111111111111111111 11111111. 1111111111 1.. 111111. 11 11,
11. 111111111111111111111111111111111111. 111111. 111111111111-111111111111, 11111111111111 1111111111. 1111111 1·’. 11111·
111111111111111111111111111111111 Ι1· 11111 11 111111 111111, *111 11.
111, 111111111111111111111111111111 111111111111111111111111111. 1111 J. 11111111111111111111. 1111.
111. 1111111111111111111111111111111111111111111111111111, 1111111. 11111111. , 1111.
17. 11111111111111111111 111111111111111111 11111. Nat.. 111111. 1111111111, 2· 11 3· 1111. 1111111111.
111. 111111111111111111 sur 11· 11111 111· 111 111 1111111111 1111111 11111111111111 Paris. 11111111. 1111111111. 6 11.
111, 11111111 1111111111 11111111111111 1111 11111. 11111111111111 1111111111. 1111· ,1. 1111111111111111. 111111111ἓ111111
’1111111111 1 1,
111. 11111111111111111111 sur 111 1111111111 1111111111 111 1111111111 1111111 Ι“.1111111111111 111. 12112 1111111111.
1111.. 11111111. 11111
111. 1111 1111111111111 11111111111111111111 ,111111111111111111 111· 1111111111. 111111, 11111111, 1’“ partio. 811111,
11111-111111111 111-1111111. ,1111 111111111111111 phalog-raum. ,111 11.
112. 111111111111111111111111111111 111111111111111111 1111, 1111· 11 111· 11111111. 1111 1., 1111111111, 1111· 11111
1111111111111111111111111111111. 11111, 1111111111111. 1111111111. 11111.
113 111111. 11111111Ιί11 111111111111111111111111111-11111111111111111111, par Α. 1111111111, 1111111111 111. 131111-
11111. ’11, 111 . 1 1.
111. 1111 11111111111-111111111 1111 11111111. 1111 ,1. 11111, 1111111111111111111111111. ’111111 1·’. 111 11.
16 11 11111111111111111111111111111111111111, 11111 1¹. 11111111. 11111,
51. 11111111111111 111111-111111111 11111 11111111111111111, contonam 11111111111111111111111 111111-111111111.1111111111,
11111111 111, 111111111111111111111111, 1111111111· 1111111 11111111111111111 1111 111 11111111111111111111 viem-breton 11
sur 1111111 11 11 111111111111111111 11111111, 111111. 111111. 11111.
1111 1111111111. 111111111111111111111111111111111. ’1111111111111 111111111111111111111, 11111· M. Prou. ¹ 111.
rm. 111· 1111111111111111111 111· 11111111. 1111111. 11111. 1111111. 11. 11111.
1111. 1111111111 11111111111111 111 111111111 11111111111111111111111111111111111111 1111111111, 1111 111, 1111111111.
,1 1“.
11111112. 1.111111111111111111111111 111111111· 1111 1111111111 111 1111111111, 11111111 111 11 11111111 1111· 111111.
1111111111 1111111111 111111111111111111 1111111 1111111111111, 111· 1111111, 111111 11111111111·111’1111111111·1111
, 11111111.11111.1,-11. van 1111111121111. 211 11.
1111. 11111111 1111111111 sur 111 sources 111 1111111111. 111111111111111111111. 11· 1111111. 11111111111111111111111
, 1 1111111111 11, 1111111. 1111111111. 1111.
111. 1111111111 1111 1111111111. 111 1111111111 111111111111-111111. 1111 (J. 11111111. 15 11.
111. ,1111111111111111111111111111111111111111111111111 11111111111111,111 Paris. 1111 11111111 11 111 1111111. 1111
11. 11111111, 111111 111111111111111111111111111111111111111 111111111111111111 Nonius pour 1111111111, 11 11
111, 11111 1.. 111111. 111111111111111111111111. ν 11 11.
1111. 1111111 1111 1111111111 11111111. 111111111111111 1111111111111· 111 1111111(1.11111111-11111111-,1111111111 11111 [11111111
111 1111111111. 11111111111111 ,1. 111111111111111. 2111.
117. 1111 11111111111111111111 111111, 1111 E. 1111111111. 1111.
1311. 111111 111· 11 111· 1111111111. nu ,1111111 1111111111 1111 11111111, 11111 ,1.-1, 111111, Ι111-111
, 111 1111111. r.
111. (1111111131 ,1111111111 1111111111 1111111 11111111111111 1111111111111111· 1111111111 11111 1,·1111111111111111111. ’111111
1111111111111111 1111111111111-11111111 11111 11111 11111111111111, 111111111111111111 11 11111111, 1111 1ι 1111ιῶ
1111111111, · Γ··
111. 1111111111 111111 111111111111111111. - 11 11111111 111111111111111 111 11111111 111111111111111. 11111111111111111
1111 . ·
11.1.1111111)111111111111111111111111111111111111111111111111111111.1111111111. ,11111 11111, ⁴ . Ι11111.
12. 1111111111111111111111 1111111111111111 11111 humanans. ,11111 111111111111111111111111111 111111111111111. 1111111111
1111111111 11111111. 1111111111 111 111111111111. 1111111111 11 1111111111· 111111. hombourg. 11111111111111· 111111,
111111, 2 inscientes. . , , ¹⁴‘.¹¹'*
13. ,1111111111 11111111. 1111111111 111 1111111111111111111 1111· 11111111· 111 1111111111111111111111111111111111 11111111,
,1111111111111 ’ ²¹ ·
11. 11 111111111111111111111 1111111111111111. 111111111111111111111 111111111111111111111111111 11111111 el 1 11111111 (11
· 11111111111111111,11111).11111111111111111·111111-1111111111111111111111111. ¹ 1111,
75. 1111111111111111 11111111· ,11111111111111111111111111111111, 1111111111 11 1111 1111 1111· 111-111, 1111111. 1111111111.
1 .
111. 111111111111111 1111111111111111111111111111 111111 11111111 11111, 111Ι 11111 111 Franz-03 111111111611111111. Ι
1111111111111111111111111111511111111111111 1111111111 1, 1111111111 111111 1111111111 111111111111,Γ11ί111
11. 1111111. ⁸ Γ·
71. 111111111181111111111111,111111· 111· 1111111111. Tuto, 1111111111111111111111·111111 1111 11. 1111111111111111111
1111111. ·' ·
111. 1111111111111111 1111111111 11111111 1111111111 1111111111 S. l'orlio. 11111111111111111111111111111111111 1111, 1111111
111111111111111111111111111111111111111111111111111111111111 11. 111111, 11111· 11111 111111111111111111 11111111ρὺ
chari. ¹ · ¹ .
111, 1111111111· 1111111111 1111111111 11111111. 111111111111111 111111, 11111 1111111111. 1 11.
1111. 1111111111111111111111111111111111111111-11’111,1111·Ρ.111111. Ι Ι ⁴ 1111.
111. 11.11111(11111111111111111111111’.1111111’1-11’11111 ,1111111111 11111 1111111111. ’1111111111 111 1111111111 1111111
1111111111111111111111, 1111111. 1111111111. Ι Ι . 11111,
1111. 11111111111111 11111111111711111111.11111111111111Ρ1111111111 11 111 11111111111111111 111 111111111111 111· 1’111;
11111111111·111111111·11’11111“111 111 1111111111111111111 varis, 11111 11. 111-11111. 11111.
113. 111 111111111111111111, 1111· 51111111 1111. , .. ¹⁸}ss
111. 111111111111111111111111111 111, 11111111111111111 1111111111 111 11111111 1111111111 11111 1.-1. 1111111111,
1 .
1111. 11111111111111111111111111 1111111111 11111111 11 1111111111 1111 11111011 §amisa 111 1111111111, 11111111
, 11111111111111111 ,111111 1111111111. . 11111.
811. 11111111111111111111111111111111111,1111111111111111111. . η v Ι 111-..111
117. 111 1111111111 111111111111111. 1011111111, 111111 V. charles 1111111111111911-1111,11111“. ,11 1111,

 

